[{"id": 0, "img_name": "0000", "width": 3788, "height": 2130, "position": [0.8606453383708422, -3.7119272892644988, 2.1540647086875326], "rotation": [[-0.9454403033139532, 0.2366830693061151, -0.22388335707116738], [-0.23943433970330097, -0.03875630037676706, 0.9701387252099307], [0.220938520499399, 0.9708136143899826, 0.09331182280179819]], "fy": 3663.113741052261, "fx": 3663.113741052261}, {"id": 1, "img_name": "0001", "width": 3792, "height": 2132, "position": [0.8205246973282563, -3.7085951021003836, 2.1801110927197795], "rotation": [[-0.947011683703003, 0.23469175051965388, -0.21929125191859214], [-0.2349511652337852, -0.04062822207149759, 0.9711577099146127], [0.21901328928923347, 0.9712204331712392, 0.09361650124513811]], "fy": 3665.450200074222, "fx": 3665.450200074222}, {"id": 2, "img_name": "0002", "width": 3790, "height": 2131, "position": [0.7437394064535781, -3.7254803325401236, 2.207007569072308], "rotation": [[-0.9513070451097588, 0.2305508147929586, -0.20460016550052226], [-0.22034897174123036, -0.04448413779706363, 0.9744062254198882], [0.21554868725445925, 0.9720429431268737, 0.09311970865571166]], "fy": 3665.4748539200395, "fx": 3665.47485392004}, {"id": 3, "img_name": "0003", "width": 3789, "height": 2131, "position": [0.6458215630834553, -3.760027096138622, 2.244397234563674], "rotation": [[-0.9578666567521807, 0.2234997229155674, -0.180386645123925], [-0.19603368842161295, -0.04973221604368387, 0.9793352335595829], [0.20991012573532086, 0.9734344253949769, 0.09145030655898753]], "fy": 3668.0993122919344, "fx": 3668.0993122919344}, {"id": 4, "img_name": "0004", "width": 3791, "height": 2132, "position": [0.5414469842142485, -3.7832296696013414, 2.2878854811078275], "rotation": [[-0.9632941856889992, 0.21565696336849371, -0.15986364805185513], [-0.17531380924859447, -0.054398596120474305, 0.9830085762733041], [0.2032962864995686, 0.9749527511068427, 0.09020949509161279]], "fy": 3669.9955470859168, "fx": 3669.9955470859163}, {"id": 5, "img_name": "0005", "width": 3795, "height": 2134, "position": [0.44745257335121014, -3.7774772112143147, 2.3216279814989473], "rotation": [[-0.9678296402354358, 0.20869981956886988, -0.14053530799648906], [-0.15611388219256264, -0.06006885197834497, 0.9859108422209232], [0.19731762026872704, 0.9761332482473511, 0.0907173544453408]], "fy": 3674.5370236914487, "fx": 3674.537023691449}, {"id": 6, "img_name": "0006", "width": 3796, "height": 2134, "position": [0.3521234147813799, -3.7655566826716105, 2.332134890915053], "rotation": [[-0.9711295801392122, 0.20220169852212241, -0.12657729533137313], [-0.1421770194192794, -0.0645265733512155, 0.987735802975978], [0.1915542579210569, 0.9772158382088978, 0.09141209890377916]], "fy": 3676.014690132601, "fx": 3676.0146901326007}, {"id": 7, "img_name": "0007", "width": 3797, "height": 2135, "position": [0.2615391423492912, -3.737556235198798, 2.3324513437276444], "rotation": [[-0.9733464749725519, 0.19626112653201758, -0.11865163239875981], [-0.13427210531428196, -0.06825253171748123, 0.9885912166556127], [0.1859237515568611, 0.9781733804017247, 0.09278575580596957]], "fy": 3680.8070666845415, "fx": 3680.807066684542}, {"id": 8, "img_name": "0008", "width": 3797, "height": 2135, "position": [0.18113897576831017, -3.7110549668690167, 2.324587775122205], "rotation": [[-0.974626887906642, 0.19215099046147358, -0.11480603744615622], [-0.13031095658697078, -0.0700594203058178, 0.9889948089953763], [0.18199308767863173, 0.9788614174085558, 0.09332117415737134]], "fy": 3680.2236106330724, "fx": 3680.2236106330724}, {"id": 9, "img_name": "0009", "width": 3796, "height": 2135, "position": [0.1169501469953384, -3.6765216599084356, 2.315681309208701], "rotation": [[-0.9760838219186676, 0.186534845216075, -0.11164732020456572], [-0.12701615202843436, -0.07254373818513384, 0.9892443091441143], [0.1764292201210886, 0.9797663790773501, 0.09450170748257843]], "fy": 3678.2309562037854, "fx": 3678.2309562037854}, {"id": 10, "img_name": "0010", "width": 3798, "height": 2136, "position": [0.057297672006760565, -3.6583385507816786, 2.2937849491467714], "rotation": [[-0.978701185980818, 0.17953396417180204, -0.09955673894065607], [-0.11492307842804711, -0.07730082235338202, 0.9903621907706854], [0.17010783228399795, 0.9807100175751488, 0.09628700235956189]], "fy": 3679.655666955165, "fx": 3679.6556669551655}, {"id": 11, "img_name": "0011", "width": 3796, "height": 2135, "position": [0.0005172072686740483, -3.628813141600538, 2.2718165919453526], "rotation": [[-0.9817572492421675, 0.17019786902525072, -0.08476667352040734], [-0.10017684275112217, -0.08408318124648993, 0.9914104189526588], [0.16160848906189512, 0.9818160235047769, 0.09959915789000387]], "fy": 3680.493807441259, "fx": 3680.4938074412594}, {"id": 12, "img_name": "0012", "width": 3800, "height": 2137, "position": [-0.06325588100209989, -3.5982436035827945, 2.25781087408067], "rotation": [[-0.9854333285144716, 0.15836836372084773, -0.061972707099747275], [-0.07748058969239456, -0.09369939218477782, 0.9925810708073785], [0.1513866350567598, 0.9829241503170958, 0.1046049781301393]], "fy": 3683.8951679740667, "fx": 3683.895167974067}, {"id": 13, "img_name": "0013", "width": 3799, "height": 2136, "position": [-0.13975365154787953, -3.5938770372023416, 2.253095280107512], "rotation": [[-0.9885769718137787, 0.14654080452622184, -0.035232987501874945], [-0.050769207377103824, -0.1036694628558865, 0.9933152218975972], [0.14190862687588893, 0.9837573049690557, 0.10992500415383247]], "fy": 3688.007250146395, "fx": 3688.007250146395}, {"id": 14, "img_name": "0014", "width": 3801, "height": 2138, "position": [-0.22691056006726115, -3.554202398555707, 2.251400411236222], "rotation": [[-0.9921407414959378, 0.12512556159187435, -0.0005855768166200128], [-0.01531787293629322, -0.11681055989507459, 0.9930360798408617], [0.12418579561527025, 0.9852405223768037, 0.11780917296240187]], "fy": 3689.4783206708166, "fx": 3689.4783206708166}, {"id": 15, "img_name": "0015", "width": 3805, "height": 2139, "position": [-0.32677511698059375, -3.548645698409531, 2.244928531354412], "rotation": [[-0.9925782222102548, 0.11992411458614585, 0.020166296999158083], [0.005471239683718922, -0.12162399502827981, 0.9925611665633931], [0.1214847246786714, 0.9853049327868455, 0.12006519518852041]], "fy": 3690.940849590796, "fx": 3690.940849590796}, {"id": 16, "img_name": "0016", "width": 3804, "height": 2139, "position": [-0.4238810151180034, -3.523793076663476, 2.243345761361447], "rotation": [[-0.9930715855084302, 0.11494239198581367, 0.024435068658619018], [0.01021003787127784, -0.12275441668823064, 0.9923845566665167], [0.11706656731295635, 0.9857583880992904, 0.12073035703355359]], "fy": 3686.9130257133397, "fx": 3686.9130257133397}, {"id": 17, "img_name": "0017", "width": 3804, "height": 2139, "position": [-0.5375810594040482, -3.525922637256576, 2.256075766921423], "rotation": [[-0.9936594450346126, 0.10505438117610924, 0.04005601439496433], [0.026659243563400617, -0.1259579209032919, 0.9916773098616035], [0.10922541840676157, 0.9864573884144333, 0.1223586074473029]], "fy": 3690.8057490363863, "fx": 3690.8057490363863}, {"id": 18, "img_name": "0018", "width": 3807, "height": 2141, "position": [-0.6795740283824175, -3.5323529781105627, 2.261999816759752], "rotation": [[-0.9935974528466353, 0.08970382786285967, 0.06868278505876355], [0.056422694710168746, -0.132698345962962, 0.9895492046888508], [0.09788044349266593, 0.9870888370584707, 0.12678740685192125]], "fy": 3692.020405947313, "fx": 3692.0204059473126}, {"id": 19, "img_name": "0019", "width": 3808, "height": 2142, "position": [-0.830494749041256, -3.532937240117539, 2.26917890915762], "rotation": [[-0.9921035177666581, 0.07188474642311247, 0.10277739667215845], [0.09203371980732303, -0.13946555329363008, 0.9859407456145265], [0.08520800697967618, 0.9876142681615054, 0.13174844541915912]], "fy": 3696.0705905694495, "fx": 3696.07059056945}, {"id": 20, "img_name": "0020", "width": 3806, "height": 2140, "position": [-0.9893645758664273, -3.5463888792731746, 2.2681606316908645], "rotation": [[-0.9906739359853886, 0.057650522022274865, 0.12345675303431893], [0.11424418332126539, -0.14231756253935543, 0.9832059692506516], [0.07425240155358427, 0.9881407433677734, 0.13440406303423078]], "fy": 3695.714531138604, "fx": 3695.7145311386043}, {"id": 21, "img_name": "0021", "width": 3811, "height": 2143, "position": [-1.1456346508520971, -3.5391925609404375, 2.280102876923571], "rotation": [[-0.990310820621056, 0.04690080715171722, 0.13070880937934837], [0.12298057198308941, -0.14097989651771106, 0.9823443630889155], [0.0645000579500635, 0.9889008964837539, 0.13384602892153988]], "fy": 3701.360556963054, "fx": 3701.360556963054}, {"id": 22, "img_name": "0022", "width": 3813, "height": 2144, "position": [-1.2746586185986195, -3.5503045913939375, 2.2865239014862317], "rotation": [[-0.9894599206274989, 0.03427912318448795, 0.14069117664418726], [0.13458301010904733, -0.14090392886567119, 0.9808330623608718], [0.053446036913987034, 0.9894296460809734, 0.13480540268946276]], "fy": 3705.2849838659417, "fx": 3705.2849838659417}, {"id": 23, "img_name": "0023", "width": 3814, "height": 2145, "position": [-1.3814393300293968, -3.522430802325815, 2.303765129566549], "rotation": [[-0.9867168756530206, 0.018723655879484095, 0.16136676241422068], [0.15702219252291566, -0.14468601194651495, 0.9769390917566504], [0.041639384683701694, 0.9893004511560272, 0.13982410016032013]], "fy": 3707.1072006223494, "fx": 3707.1072006223494}, {"id": 24, "img_name": "0024", "width": 3818, "height": 2147, "position": [-1.4911124306388304, -3.474929686006599, 2.3123303990488715], "rotation": [[-0.9841849338540178, 0.004483130640843517, 0.1770873160743548], [0.17446715064948948, -0.1486026729542054, 0.9733850517318998], [0.030679460865693738, 0.9888868222049084, 0.14547035282306817]], "fy": 3707.873136190658, "fx": 3707.8731361906575}, {"id": 25, "img_name": "0025", "width": 3818, "height": 2147, "position": [-1.5942220771705904, -3.4118242372657126, 2.3080438894099107], "rotation": [[-0.9823216707706822, -0.008365723619774848, 0.1870137690187867], [0.18612952148697134, -0.15036921009290785, 0.9709505146438029], [0.019998409069864307, 0.9885945151194963, 0.14926804182517434]], "fy": 3709.285292788684, "fx": 3709.285292788684}, {"id": 26, "img_name": "0026", "width": 3818, "height": 2147, "position": [-1.701494542796142, -3.3535452915610855, 2.289680112260682], "rotation": [[-0.9797245613318071, -0.01949766189918672, 0.19939815722233423], [0.20001860891208117, -0.1523347053715833, 0.9678774166330301], [0.011503912902731854, 0.9881366194610022, 0.15314594760589825]], "fy": 3704.256029773163, "fx": 3704.256029773162}, {"id": 27, "img_name": "0027", "width": 3819, "height": 2147, "position": [-1.8112172518103147, -3.278382112236784, 2.256777524939364], "rotation": [[-0.9778379522315622, -0.03151869464145003, 0.2069770785949108], [0.2093603622750909, -0.15233192762956488, 0.9659002135483271], [0.0010853034725576453, 0.9878266830333954, 0.1555547055013523]], "fy": 3705.333507779611, "fx": 3705.3335077796114}, {"id": 28, "img_name": "0028", "width": 3820, "height": 2148, "position": [-1.8983319913890984, -3.193560544646428, 2.193147138194357], "rotation": [[-0.9707633222862329, -0.061649226947023746, 0.23198694989293855], [0.23884653344029672, -0.15188145052787072, 0.9591060204425277], [-0.023893630267242172, 0.9864742256148326, 0.16216564565365932]], "fy": 3711.063917365055, "fx": 3711.063917365055}, {"id": 29, "img_name": "0029", "width": 3821, "height": 2149, "position": [-1.9815575608835971, -3.1295751442815405, 2.1410917446963267], "rotation": [[-0.9613292533619053, -0.08769597277491954, 0.26106605100951397], [0.2719549219647091, -0.1527793382650372, 0.9501047280265826], [-0.043434859845641535, 0.9843616663393377, 0.1707205986160767]], "fy": 3705.459340421003, "fx": 3705.459340421003}, {"id": 30, "img_name": "0030", "width": 3823, "height": 2150, "position": [-2.0543161735634534, -3.0527858293846832, 2.0958790225898523], "rotation": [[-0.9533204372256361, -0.09640865484383473, 0.28615645238072845], [0.2985439950178795, -0.15877643749413187, 0.9410959175001435], [-0.04529488941024205, 0.9825962620363841, 0.18014704778441298]], "fy": 3708.9266755779827, "fx": 3708.926675577983}, {"id": 31, "img_name": "0031", "width": 3823, "height": 2150, "position": [-2.141887606662448, -2.993170398198628, 2.040901320684721], "rotation": [[-0.9471065803472827, -0.11324772341631481, 0.30027333981540416], [0.31535212151568454, -0.1548982656926269, 0.9362475990575209], [-0.05951608957611597, 0.9814180966471108, 0.18241807655802542]], "fy": 3707.5699182172534, "fx": 3707.5699182172534}, {"id": 32, "img_name": "0032", "width": 3822, "height": 2149, "position": [-2.2095664765982903, -2.9770966184773493, 1.9967154757016108], "rotation": [[-0.9406922181734401, -0.1311985663675911, 0.3128659247201937], [0.3307796443879978, -0.14977151745129533, 0.9317474547423705], [-0.07538552597470488, 0.9799772592991252, 0.18428671609774797]], "fy": 3708.142245060221, "fx": 3708.142245060221}, {"id": 33, "img_name": "0033", "width": 3823, "height": 2150, "position": [-2.237466733572231, -2.9385374785855847, 1.970130017085876], "rotation": [[-0.9330300704182515, -0.15062735955418127, 0.326751107494754], [0.34784989506089303, -0.14554149567384, 0.9261847135119146], [-0.09195291295787539, 0.9778185269214104, 0.1881903031715619]], "fy": 3705.728217871421, "fx": 3705.7282178714213}, {"id": 34, "img_name": "0034", "width": 3822, "height": 2149, "position": [-2.265223993025404, -2.8910233804482677, 1.9436896380146356], "rotation": [[-0.9225272466022635, -0.17225277537074649, 0.3453584524136074], [0.37032449885775787, -0.14318714899377458, 0.9178001993401315], [-0.10864273939015542, 0.9745903866446198, 0.19588346902608442]], "fy": 3701.46227247588, "fx": 3701.4622724758806}, {"id": 35, "img_name": "0035", "width": 3819, "height": 2148, "position": [-2.3179582610490983, -2.8286387207846175, 1.9182191891666645], "rotation": [[-0.9085606927941976, -0.19624248083472415, 0.368790396058738], [0.3984105659078705, -0.14153012929143696, 0.9062219614838959], [-0.1256442934728761, 0.9702876435462745, 0.20677379016480696]], "fy": 3697.898265596148, "fx": 3697.898265596148}, {"id": 36, "img_name": "0036", "width": 3817, "height": 2146, "position": [-2.407778627867543, -2.753846488103067, 1.8801079695778793], "rotation": [[-0.8934425034959642, -0.2216837051622298, 0.39066203784397735], [0.4251947835830226, -0.13700933994055725, 0.8946719157226514], [-0.14480983723715124, 0.9654453768259488, 0.21666872271915813]], "fy": 3694.5907597429905, "fx": 3694.5907597429896}, {"id": 37, "img_name": "0037", "width": 3816, "height": 2146, "position": [-2.514171165929458, -2.6813551852164057, 1.8247525145039492], "rotation": [[-0.8743405671118457, -0.2517578672428744, 0.41490546993725536], [0.4552205024792986, -0.1290826898576279, 0.8809721637495784], [-0.16823455894978998, 0.9591431777688033, 0.2274675750838591]], "fy": 3697.6206695253363, "fx": 3697.6206695253363}, {"id": 38, "img_name": "0038", "width": 3811, "height": 2143, "position": [-2.63670335046701, -2.602196596362161, 1.7619225904441895], "rotation": [[-0.8566359477448974, -0.2729521388809101, 0.43780358942285735], [0.48267073814543804, -0.12428739458030409, 0.8669380612746093], [-0.18221913063490192, 0.9539652894255515, 0.23821506040106785]], "fy": 3689.5377399863864, "fx": 3689.537739986387}, {"id": 39, "img_name": "0039", "width": 3803, "height": 2138, "position": [-2.7595659661707326, -2.5238863846629096, 1.6868571437632456], "rotation": [[-0.8345414367845163, -0.29885346838609883, 0.46284683721857056], [0.5133740464902844, -0.11689788968994948, 0.8501658495706749], [-0.19996919432709212, 0.9471121833339676, 0.25097974719195626]], "fy": 3685.641579549273, "fx": 3685.641579549272}, {"id": 40, "img_name": "0040", "width": 3805, "height": 2140, "position": [-2.87369903358904, -2.4372396664302136, 1.6288083276386283], "rotation": [[-0.8107688262328978, -0.3249655996394317, 0.48687911175148296], [0.5434823646266982, -0.10892805046989856, 0.8323230137155884], [-0.21744155478818017, 0.9394317638188584, 0.26492854013768913]], "fy": 3687.757987553248, "fx": 3687.757987553248}, {"id": 41, "img_name": "0041", "width": 3801, "height": 2137, "position": [-2.9530478013684878, -2.355870735039048, 1.5905979257972505], "rotation": [[-0.7840575872218207, -0.35249884240089524, 0.5108798939339116], [0.5742979888500067, -0.09977513747091818, 0.8125433785008012], [-0.23544748867366078, 0.9304780964905556, 0.28066882981296376]], "fy": 3684.1979406902733, "fx": 3684.1979406902738}, {"id": 42, "img_name": "0042", "width": 3797, "height": 2135, "position": [-3.0067737245900386, -2.268135082113454, 1.5391665283199762], "rotation": [[-0.7512410600213965, -0.380685823864034, 0.5391800935187521], [0.6112171758889124, -0.0929459979981247, 0.7859863900567963], [-0.24909924455186702, 0.9200213828847098, 0.30250656422397687]], "fy": 3683.9195321115244, "fx": 3683.919532111525}, {"id": 43, "img_name": "0043", "width": 3795, "height": 2134, "position": [-3.0524685867748853, -2.178083386458236, 1.4872913120733842], "rotation": [[-0.7228502436611394, -0.4049278683073045, 0.5599294122540208], [0.6388370690872179, -0.08274300659826692, 0.7648795944585867], [-0.2633908206431729, 0.9105970658459103, 0.3184937350619862]], "fy": 3678.1080679017846, "fx": 3678.1080679017846}, {"id": 44, "img_name": "0044", "width": 3795, "height": 2134, "position": [-3.085496008003097, -2.0760004008466937, 1.4545546723919145], "rotation": [[-0.7078010189157328, -0.4208963230868081, 0.5673305939519347], [0.6487258179679859, -0.06941738593254178, 0.7578496154462704], [-0.27959350980238695, 0.9044487336174989, 0.32218000796772733]], "fy": 3677.082926217962, "fx": 3677.082926217962}, {"id": 45, "img_name": "0045", "width": 3798, "height": 2135, "position": [-3.132524722667176, -2.0064688861817657, 1.4129960696191255], "rotation": [[-0.6940231062832489, -0.4358973910441824, 0.5729968520208686], [0.6552999005907097, -0.05283187547017775, 0.7535189667288468], [-0.29818445336864213, 0.8984443541005633, 0.32231005934358514]], "fy": 3679.8714094358465, "fx": 3679.8714094358456}, {"id": 46, "img_name": "0046", "width": 3797, "height": 2135, "position": [-3.198767299934786, -1.9433010501041215, 1.316272559008365], "rotation": [[-0.6767494487075466, -0.4516752540332491, 0.5813773719091849], [0.6646323264351818, -0.0351642794964348, 0.7463426452406792], [-0.31666078748621346, 0.8914891689423354, 0.3239953816447308]], "fy": 3678.372352266736, "fx": 3678.3723522667356}, {"id": 47, "img_name": "0047", "width": 3793, "height": 2133, "position": [-3.255191647798696, -1.8704216021260478, 1.2366158093507142], "rotation": [[-0.6566394245647269, -0.4687780573888649, 0.5908229845038414], [0.6771390767988364, -0.02146238000440513, 0.7355420021430226], [-0.33212548348376425, 0.8830552073088459, 0.3315209858597298]], "fy": 3676.8550047740696, "fx": 3676.855004774069}, {"id": 48, "img_name": "0048", "width": 3796, "height": 2135, "position": [-3.2824820655924727, -1.776395141793253, 1.1792015674888112], "rotation": [[-0.6343846620502025, -0.48587139560383086, 0.6012362992114133], [0.6901579865542922, -0.0056579676973669705, 0.7236366083863233], [-0.34819255326726306, 0.8740119989654154, 0.3389173520398489]], "fy": 3674.8406322537976, "fx": 3674.8406322537976}, {"id": 49, "img_name": "0049", "width": 3798, "height": 2136, "position": [-3.3335608523620683, -1.7025072181217245, 1.129756228701085], "rotation": [[-0.6063770404189319, -0.5033542133558548, 0.6155821803379995], [0.7084370721953291, 0.009618599988094138, 0.7057084364477861], [-0.36114235363923564, 0.8640266306261501, 0.35076228699325085]], "fy": 3673.044573791977, "fx": 3673.044573791977}, {"id": 50, "img_name": "0050", "width": 3801, "height": 2138, "position": [-3.3924687200428885, -1.6333328001041958, 1.0779348011438594], "rotation": [[-0.5763609253689336, -0.5219612190722253, 0.6287802235221011], [0.7261804224626983, 0.02575584599068565, 0.6870215647482988], [-0.3747933800639539, 0.8525802731602116, 0.3641933553461622]], "fy": 3668.682761601368, "fx": 3668.6827616013675}, {"id": 51, "img_name": "0051", "width": 3799, "height": 2136, "position": [-3.4205526518741114, -1.5711573496973792, 1.0340815838165667], "rotation": [[-0.5645118487860231, -0.5282495981807561, 0.6342544714876318], [0.7277120523511168, 0.04414601243619961, 0.6844605894051957], [-0.3895658371098663, 0.8479407359054358, 0.3594926521488816]], "fy": 3674.3877189002337, "fx": 3674.387718900233}, {"id": 52, "img_name": "0052", "width": 3795, "height": 2134, "position": [-3.4457265600184814, -1.5155849959783576, 0.9892822762310288], "rotation": [[-0.5501687236175866, -0.5362182627109144, 0.6401440074610433], [0.7308122817278708, 0.061708473917070246, 0.6797834016232887], [-0.4040145844257342, 0.8418206691345342, 0.3579248197445747]], "fy": 3667.4767099896153, "fx": 3667.476709989615}, {"id": 53, "img_name": "0053", "width": 3796, "height": 2135, "position": [-3.4986024050088718, -1.43779423745591, 0.9412390858621954], "rotation": [[-0.5326514404803444, -0.5446260142315498, 0.6478155197094845], [0.7366241959717668, 0.07856558949932858, 0.6717233374355628], [-0.4167340121266345, 0.8349909896333484, 0.3593366254196187]], "fy": 3667.7925863771757, "fx": 3667.7925863771757}, {"id": 54, "img_name": "0054", "width": 3798, "height": 2136, "position": [-3.5707801744724703, -1.3398632131418338, 0.881513887130054], "rotation": [[-0.5148469452812398, -0.5533944438784097, 0.6547420961104321], [0.7427446507373373, 0.09344000644238463, 0.6630228872347607], [-0.428092287638597, 0.8276614976429392, 0.3629234610545312]], "fy": 3667.176454636522, "fx": 3667.176454636522}, {"id": 55, "img_name": "0055", "width": 3797, "height": 2135, "position": [-3.6577173299724586, -1.220316278424098, 0.7991044572760472], "rotation": [[-0.49670769887587435, -0.5624782971675819, 0.6609838327015957], [0.7480189966091959, 0.10880103821592084, 0.6546983387751257], [-0.4401693339945493, 0.8196221686231988, 0.36670213813420777]], "fy": 3666.4508550333912, "fx": 3666.450855033392}, {"id": 56, "img_name": "0056", "width": 3793, "height": 2133, "position": [-3.751068288944784, -1.101366959699679, 0.7179267839827547], "rotation": [[-0.4751799286265339, -0.5732464493700024, 0.6675271857498896], [0.755447195124919, 0.12315934765309608, 0.6435303492948539], [-0.4511137005327758, 0.8100742455913217, 0.3745345722643987]], "fy": 3670.644081481614, "fx": 3670.6440814816133}, {"id": 57, "img_name": "0057", "width": 3793, "height": 2133, "position": [-3.844957103879718, -0.9751570340901428, 0.6311999512393827], "rotation": [[-0.44878390737175494, -0.5858272794513874, 0.6748328705203432], [0.7655036183034452, 0.13761113032011194, 0.6285438625715426], [-0.4610826551156238, 0.7986673747328155, 0.38669524135799704]], "fy": 3671.6112488250556, "fx": 3671.6112488250565}, {"id": 58, "img_name": "0058", "width": 3790, "height": 2131, "position": [-3.9149532390350648, -0.8547436342821558, 0.5555724518747466], "rotation": [[-0.4141004736697903, -0.6015269747649247, 0.6831442719781909], [0.7802541259731285, 0.15191736136284412, 0.6067327370584679], [-0.46874758304269043, 0.7842744506527728, 0.4064348526454484]], "fy": 3675.0333227853666, "fx": 3675.0333227853657}, {"id": 59, "img_name": "0059", "width": 3790, "height": 2131, "position": [-3.9393663118156628, -0.7420849215037485, 0.4966267464360152], "rotation": [[-0.3777495634252288, -0.6175696360534763, 0.6898644881111262], [0.7955557361498408, 0.16470171950810142, 0.5830646741744517], [-0.47370490604503357, 0.7690780768009523, 0.4290950637947426]], "fy": 3671.4757605264167, "fx": 3671.475760526417}, {"id": 60, "img_name": "0060", "width": 3792, "height": 2133, "position": [-3.9447796872909775, -0.622270641669859, 0.43917358636790915], "rotation": [[-0.35031458707240454, -0.6291935951753169, 0.6938264263305701], [0.8035433961772029, 0.17872020724161664, 0.567782615076862], [-0.4812459875617636, 0.7564221753186995, 0.4429760627187768]], "fy": 3668.477098179054, "fx": 3668.4770981790543}, {"id": 61, "img_name": "0061", "width": 3796, "height": 2135, "position": [-3.9482428357260333, -0.5137068619839913, 0.3816083389615145], "rotation": [[-0.3219104151828992, -0.638948533852132, 0.6986547471283537], [0.8125478643165158, 0.1923053508141733, 0.5502586848409631], [-0.4859420261630413, 0.7448244243688901, 0.45727117126723554]], "fy": 3676.997562090253, "fx": 3676.9975620902533}, {"id": 62, "img_name": "0062", "width": 3798, "height": 2135, "position": [-3.9304729537325316, -0.41500676770593414, 0.33516803352145713], "rotation": [[-0.2994922125049545, -0.6461700901844228, 0.7019748066703977], [0.8155929426044531, 0.20839588556480465, 0.5397956158153472], [-0.4950884432328191, 0.7341902814875143, 0.4645988204317656]], "fy": 3672.6346239075424, "fx": 3672.6346239075424}, {"id": 63, "img_name": "0063", "width": 3801, "height": 2137, "position": [-3.9082090506860814, -0.32826978922034356, 0.27217100373357345], "rotation": [[-0.27474116023841166, -0.6528975536113486, 0.7058626490749935], [0.8198555985739553, 0.22446868092254985, 0.526735805477311], [-0.5023485765460001, 0.7234214510043272, 0.4736109287896563]], "fy": 3670.1550814378766, "fx": 3670.155081437876}, {"id": 64, "img_name": "0064", "width": 3804, "height": 2139, "position": [-3.8641112495361507, -0.25071450896212083, 0.1839244856689626], "rotation": [[-0.24266683678036738, -0.6614834469276168, 0.7096143007069187], [0.8257607710280089, 0.24306086397222437, 0.5089602788394235], [-0.5091482646128123, 0.7094794329970634, 0.4872442701519713]], "fy": 3674.3499736452886, "fx": 3674.349973645289}, {"id": 65, "img_name": "0065", "width": 3804, "height": 2139, "position": [-3.8062249691606493, -0.15728590934116593, 0.11134763809271087], "rotation": [[-0.22004970676813343, -0.6653915363570998, 0.7133247716822936], [0.8262089522803486, 0.26163367464791126, 0.49892543276730145], [-0.5186105414692864, 0.6991437074268557, 0.4921800307228691]], "fy": 3672.190856173344, "fx": 3672.190856173344}, {"id": 66, "img_name": "0066", "width": 3805, "height": 2140, "position": [-3.764645306264576, -0.09336381181499805, 0.035565375675554387], "rotation": [[-0.18680278972733952, -0.6706705465878747, 0.7178479892634684], [0.8295824361160293, 0.28370663154740994, 0.4809402550253161], [-0.5262106987109606, 0.6853550650250887, 0.5033793156324355]], "fy": 3670.8103698971227, "fx": 3670.8103698971227}, {"id": 67, "img_name": "0067", "width": 3819, "height": 2148, "position": [-3.7231586662305243, -0.04155280240715199, -0.01925496889999096], "rotation": [[-0.150120341365125, -0.6764926377468421, 0.7209865423034869], [0.8342638290763098, 0.30465056257953244, 0.45955619701501993], [-0.5305353396366274, 0.6704817266669496, 0.5186390918570968]], "fy": 3677.4709465012634, "fx": 3677.470946501264}, {"id": 68, "img_name": "0068", "width": 3820, "height": 2148, "position": [-3.6628008912030308, 0.031953683640474066, -0.07709615109865482], "rotation": [[-0.12208506099438496, -0.6809496851852768, 0.7220822419420584], [0.8379928937586602, 0.3191296058838251, 0.4426332620335043], [-0.5318488017209247, 0.6591386962502709, 0.5316700397930181]], "fy": 3675.7726802618477, "fx": 3675.772680261847}, {"id": 69, "img_name": "0069", "width": 3818, "height": 2147, "position": [-3.594015205463953, 0.137648011941598, -0.14262115898712716], "rotation": [[-0.09917682887176281, -0.6826014474351604, 0.7240298478477005], [0.8360748268828908, 0.3373872745621459, 0.43260687791142516], [-0.5395765380997254, 0.6482477079966813, 0.5372448870016026]], "fy": 3674.4576624449387, "fx": 3674.4576624449383}, {"id": 70, "img_name": "0070", "width": 3819, "height": 2147, "position": [-3.531228801582937, 0.23993063950976756, -0.2085015875605412], "rotation": [[-0.06664941911467932, -0.6866089503427849, 0.7239654717186828], [0.8374376166403417, 0.35597620415515563, 0.41470372594302934], [-0.5424537705347987, 0.6339156816047904, 0.551266555713399]], "fy": 3675.1799686291897, "fx": 3675.17996862919}, {"id": 71, "img_name": "0071", "width": 3821, "height": 2149, "position": [-3.477246886874947, 0.35800271843383935, -0.2736860049285122], "rotation": [[-0.031794760025119606, -0.6909717509380897, 0.7221822018303246], [0.8386465031807614, 0.37463889308085163, 0.39537038646544553], [-0.5437473089015029, 0.6182262847830919, 0.5675694890193347]], "fy": 3677.8141383133257, "fx": 3677.814138313325}, {"id": 72, "img_name": "0072", "width": 3823, "height": 2150, "position": [-3.424884812726583, 0.4807417379104933, -0.369462262464804], "rotation": [[0.0035580380315206176, -0.6917534215464708, 0.7221250197466618], [0.8383798314116201, 0.395680692016677, 0.37490805305758246], [-0.5450748560038241, 0.6040811152022172, 0.5813599638850755]], "fy": 3677.2374523055164, "fx": 3677.237452305517}, {"id": 73, "img_name": "0073", "width": 3823, "height": 2150, "position": [-3.3705475312631945, 0.5971586557710516, -0.491481855429517], "rotation": [[0.043870911402500046, -0.6937059187516441, 0.7189210258586483], [0.8378308840769667, 0.4175128395710564, 0.3517420055667531], [-0.5441642700688114, 0.5869029963139144, 0.5995249119913425]], "fy": 3676.684232521193, "fx": 3676.684232521193}, {"id": 74, "img_name": "0074", "width": 3823, "height": 2150, "position": [-3.2609335602467597, 0.7418299382091988, -0.589635570303092], "rotation": [[0.07290021490512785, -0.691979884110098, 0.7182265649875123], [0.8332735100390626, 0.4379747583113488, 0.3373920102037033], [-0.5480335903336276, 0.5738832207593203, 0.6085369609127639]], "fy": 3674.2264269217335, "fx": 3674.2264269217335}, {"id": 75, "img_name": "0075", "width": 3820, "height": 2148, "position": [-3.1531415462600516, 0.8742676271562544, -0.6691911306210628], "rotation": [[0.09567904295941397, -0.6882344677801859, 0.7191514709000424], [0.8283003033721296, 0.45572596799317777, 0.325933197956758], [-0.5520544612373026, 0.5644884050678145, 0.6136682429228241]], "fy": 3673.597972852734, "fx": 3673.597972852734}, {"id": 76, "img_name": "0076", "width": 3817, "height": 2146, "position": [-3.043631769471934, 0.9811405200810146, -0.7335881361568756], "rotation": [[0.13238537036315431, -0.6885669786261701, 0.7129864161815692], [0.8256766985476911, 0.4745778969859322, 0.3050144409168117], [-0.5483904659904252, 0.5483168204952656, 0.6313608802996642]], "fy": 3674.3460962882136, "fx": 3674.3460962882136}, {"id": 77, "img_name": "0077", "width": 3827, "height": 2152, "position": [-2.9233676222617357, 1.0648415612313873, -0.7729998787914194], "rotation": [[0.16471574175016485, -0.6890389554307927, 0.7057577787871236], [0.8222482319986977, 0.4911234317894636, 0.28758584756965355], [-0.5447720343361144, 0.5329381696277551, 0.6474568232392869]], "fy": 3676.1405939970173, "fx": 3676.1405939970173}, {"id": 78, "img_name": "0078", "width": 3827, "height": 2152, "position": [-2.797361574334959, 1.1329353558134052, -0.7878764634993237], "rotation": [[0.18866828638324482, -0.6883839936671073, 0.7003797219909595], [0.8180824707201567, 0.5047123270868172, 0.27569283267254835], [-0.5432728125110016, 0.5209538791001883, 0.6583780882113652]], "fy": 3678.7151407469514, "fx": 3678.7151407469514}, {"id": 79, "img_name": "0079", "width": 3827, "height": 2152, "position": [-2.674973046069251, 1.1971107015212619, -0.8045058952943434], "rotation": [[0.21655830248582025, -0.6889978581357931, 0.6916534197911188], [0.8138601312885906, 0.5186982105969159, 0.261885190536761], [-0.5391977265562036, 0.5061957307285861, 0.6730762912692547]], "fy": 3676.0368769169527, "fx": 3676.036876916952}, {"id": 80, "img_name": "0080", "width": 3833, "height": 2155, "position": [-2.5415394634029798, 1.245450213463361, -0.8243954341529431], "rotation": [[0.24086280584880926, -0.689097006477431, 0.6834694026966257], [0.8087110943167418, 0.5318535511703645, 0.2512332900642161], [-0.5366297370512155, 0.49221653341930327, 0.6853841328343016]], "fy": 3677.8848855889637, "fx": 3677.8848855889637}, {"id": 81, "img_name": "0081", "width": 3832, "height": 2155, "position": [-2.4109349449026554, 1.2868097230556435, -0.864190734203342], "rotation": [[0.26610580071431755, -0.6876829643080663, 0.6754848950396024], [0.8021408973079928, 0.546582999222813, 0.24045167045899743], [-0.5345630773745225, 0.4778484755244753, 0.6970675367185127]], "fy": 3677.340380563344, "fx": 3677.340380563344}, {"id": 82, "img_name": "0082", "width": 3830, "height": 2154, "position": [-2.3031414247230324, 1.3171198056992701, -0.8974602047880083], "rotation": [[0.2847037447614901, -0.6862334410539658, 0.6693485206512503], [0.7970025888453565, 0.5574341583370007, 0.23249523111866033], [-0.5326637317225417, 0.46728024086018544, 0.7056334214087817]], "fy": 3676.1805399145237, "fx": 3676.1805399145233}, {"id": 83, "img_name": "0083", "width": 3833, "height": 2156, "position": [-2.2055553307981546, 1.3417490974246744, -0.9326688716866764], "rotation": [[0.3027434145360006, -0.6829955923378824, 0.6647280991519076], [0.7889757321221654, 0.5708652833315438, 0.2272226274143689], [-0.5346622476642393, 0.45566418460728414, 0.7116926526168457]], "fy": 3674.9320018658673, "fx": 3674.9320018658673}, {"id": 84, "img_name": "0084", "width": 3833, "height": 2156, "position": [-2.1258752281355617, 1.3656623325990767, -0.961072334931579], "rotation": [[0.3210780953261631, -0.6777607895080757, 0.66147499492204], [0.7798688307781497, 0.585493885064689, 0.2213628634901938], [-0.537320633776933, 0.4447889642934571, 0.7165537759026246]], "fy": 3676.879841332529, "fx": 3676.879841332529}, {"id": 85, "img_name": "0085", "width": 3834, "height": 2156, "position": [-2.0736534104843467, 1.3937655084212508, -0.9903803536336164], "rotation": [[0.33911764793710675, -0.6722197694632163, 0.658118380232937], [0.7707907772844864, 0.5996119230177769, 0.21528381134702346], [-0.5393336615776745, 0.4342650381020144, 0.7214797836193847]], "fy": 3676.109292040504, "fx": 3676.109292040504}, {"id": 86, "img_name": "0086", "width": 3830, "height": 2154, "position": [-2.0174554308094437, 1.4249970674519363, -1.011154427976738], "rotation": [[0.3569292782554229, -0.6672709736893997, 0.6537208410289999], [0.7619660527197151, 0.6128034658449978, 0.20947469238811425], [-0.5403787790307825, 0.42334543805261315, 0.7271653286930295]], "fy": 3672.2542024919385, "fx": 3672.2542024919385}, {"id": 87, "img_name": "0087", "width": 3831, "height": 2154, "position": [-1.9639871144768652, 1.4532863439118318, -1.0243358496762986], "rotation": [[0.3729201630332097, -0.6628297224564235, 0.6492975519987929], [0.7539783739259552, 0.6243243827948212, 0.20429311466576136], [-0.5407838418954998, 0.4133712908224354, 0.732582426944939]], "fy": 3670.668609234496, "fx": 3670.6686092344967}, {"id": 88, "img_name": "0088", "width": 3831, "height": 2154, "position": [-1.9223825795271436, 1.481351712901044, -1.0371866870878175], "rotation": [[0.3874341634861668, -0.6581809156543961, 0.6455173516119566], [0.7459067635914887, 0.6352920037129225, 0.20006791358658926], [-0.541772894294505, 0.40398261384218087, 0.7370754226814203]], "fy": 3671.3429852836166, "fx": 3671.342985283616}, {"id": 89, "img_name": "0089", "width": 3831, "height": 2154, "position": [-1.8739429078453183, 1.5186324143632066, -1.0601524898039998], "rotation": [[0.404256903728611, -0.6540068194040692, 0.6394149169050793], [0.7387780776757732, 0.645635440289649, 0.19329208516563778], [-0.5392432732389395, 0.39424606328404116, 0.744168484855137]], "fy": 3669.972587457795, "fx": 3669.972587457795}, {"id": 90, "img_name": "0090", "width": 3835, "height": 2156, "position": [-1.8058806663684552, 1.5814186298038122, -1.0957384754934791], "rotation": [[0.42464102949111204, -0.6480893449657024, 0.6321868371096121], [0.7296792315241568, 0.6583490842449938, 0.18478285189944932], [-0.5359554227312606, 0.38282722501894334, 0.7524593680918932]], "fy": 3668.4394964370767, "fx": 3668.4394964370767}, {"id": 91, "img_name": "0091", "width": 3835, "height": 2157, "position": [-1.7356570684234531, 1.6475767449983556, -1.1419567713615264], "rotation": [[0.44629846103088877, -0.6420788863887948, 0.6233397046035053], [0.7214995471905427, 0.6702439745186671, 0.1738143205413809], [-0.5293921864603801, 0.37216625085456795, 0.7623884801330308]], "fy": 3667.5248089497854, "fx": 3667.5248089497854}, {"id": 92, "img_name": "0092", "width": 3834, "height": 2156, "position": [-1.6520203073945747, 1.705422072015031, -1.1986170014410027], "rotation": [[0.4863202417432952, -0.6292348446621934, 0.6062640783797835], [0.7046400826036753, 0.6927126694144077, 0.15372544233486837], [-0.5166962129327333, 0.3524381759907837, 0.780264285768137]], "fy": 3669.984413279773, "fx": 3669.9844132797734}, {"id": 93, "img_name": "0093", "width": 3837, "height": 2158, "position": [-1.530965876646548, 1.7902848957775637, -1.2707357586574946], "rotation": [[0.4975271681836041, -0.6277837343762005, 0.5986270122303834], [0.7043481974905456, 0.6951706786837141, 0.14363615210051872], [-0.5063203863276913, 0.3501789690302609, 0.7880446408915429]], "fy": 3665.241837106179, "fx": 3665.2418371061794}, {"id": 94, "img_name": "0094", "width": 3833, "height": 2155, "position": [-1.410302194046502, 1.879386484261778, -1.335811884920521], "rotation": [[0.5167116207423977, -0.6216172309294855, 0.5887283917065009], [0.6968273819373128, 0.7048648439534067, 0.1326542556457573], [-0.49743411701667056, 0.3416980684319103, 0.7973717635192175]], "fy": 3664.2391549282593, "fx": 3664.2391549282597}, {"id": 95, "img_name": "0095", "width": 3838, "height": 2158, "position": [-1.3068424006096133, 1.9661653449529632, -1.4020905071370495], "rotation": [[0.5445130976761502, -0.6134809696470876, 0.5719672948167513], [0.6855048874286855, 0.7184440458001194, 0.11798814502203481], [-0.48330997896847566, 0.3278402857112359, 0.8117463959231767]], "fy": 3666.55393484926, "fx": 3666.5539348492607}, {"id": 96, "img_name": "0096", "width": 3835, "height": 2157, "position": [-1.2064745005964541, 2.041473723651538, -1.452437367937084], "rotation": [[0.5632437596448566, -0.6042454545414253, 0.5635990577415411], [0.6745033480714664, 0.7302114321488348, 0.1087956699484424], [-0.47728576415131996, 0.31887096924175135, 0.8188526145243212]], "fy": 3662.3635447928627, "fx": 3662.363544792863}, {"id": 97, "img_name": "0097", "width": 3838, "height": 2158, "position": [-1.1371689922693349, 2.108958674709723, -1.5039763507124142], "rotation": [[0.5793066286848205, -0.5953548564071116, 0.5567373033256303], [0.6644377142634476, 0.7405494266082984, 0.10054387407736973], [-0.4721507744631929, 0.3116715285402053, 0.8245814116697145]], "fy": 3667.712748912813, "fx": 3667.7127489128125}, {"id": 98, "img_name": "0098", "width": 3836, "height": 2157, "position": [-1.0631786709304099, 2.1650015615805445, -1.5376021801965158], "rotation": [[0.5982352282430257, -0.5841700953450254, 0.5485069839059469], [0.6509388235943785, 0.7534725084294497, 0.09250852381591243], [-0.4673256462324547, 0.3017026329776, 0.8310127926980438]], "fy": 3662.455436903803, "fx": 3662.4554369038033}, {"id": 99, "img_name": "0099", "width": 3834, "height": 2156, "position": [-1.0002008349155114, 2.194349126326472, -1.5612776014485852], "rotation": [[0.6183215959506726, -0.5729962135499913, 0.5379161117110974], [0.6381896020353591, 0.7655153982182054, 0.08185479182535729], [-0.45868555224136176, 0.2926798837436481, 0.8390149282443321]], "fy": 3661.8005950863894, "fx": 3661.80059508639}, {"id": 100, "img_name": "0100", "width": 3836, "height": 2157, "position": [-0.9275388362308872, 2.2283455517449307, -1.562178736339761], "rotation": [[0.6382089575981065, -0.5623609716389092, 0.5257751078349756], [0.6249550977642946, 0.7772634153930567, 0.07275100597202298], [-0.44957808245060077, 0.2821554902334214, 0.8475068301265651]], "fy": 3658.411402715922, "fx": 3658.4114027159226}, {"id": 101, "img_name": "0101", "width": 3833, "height": 2156, "position": [-0.8206312246402903, 